883422661785567253
884524742508437654
883421025545633824
872254057723625584
884491720010629171
883231845368627240
872527844977299527
872526049672581120
883269390248869908
871843761284587630
888387651156185098
871662219606245396
541969002734419989
883722447218688053
883413792388710491
872401118909591552
886233521570590780
884531228538175489
866846878778523669
871912796143624233
883436016504029255
872316565222215691
781965158372868096
871905742146404372
872307311803265025
884877888879493141
871807472992677958
886223332863774780
884869870020354110
884790778952568952
871778802425028638
884737758948634674
883252986237837345
873521480955232257
883254986966970378
871885713661124641
883718166189068349
886219814710947850
871920126423875644
872423324108591104
884767434253402132
889412277067972619
888710293759356928
886248652509691956
789882878665162772
871621739610779648
883724689330012211
902278634000224266
871881133204312095
883411026694008872
871664617598894100
883676745985822760
883250198082637844
884896020071350283
871900215135830016
883671316610314250
884524256057245718
883409721762131981
901477605948149760
902274365419307080
770973110090465300
871800641125761084
883719730031104020
883711475011702784
902295016435773470
883201901338984488
870029476350812230
883248481148469298
884499426553528360
871913429542252574
772896684828393493
880977951968088114
871669311830368287
883257718834610206
872233422150582323
872426503617511434
616169470293049344
872800933971636244
872534414649872394
884507047570325555
872443586690580523
872528994174644225
886225503248326707
872310534408646677
883683191951609887
871885710251139163
871619500934570004
902271116679184384
901503178326024195
885183388472971374
883233977949884487
883416339778244688
873476489025298472
872539594044887080
783775919734652959
886232723428085800
883711954198335518
883255923605405716
883257718725541998
872445611025252392
871800634037375106
872321503935467520
883708431435968562
871918039619219508
872480440538243103
883435953073582120
807984160022069299
872288536227880961
884904264831467550
886240030882930729
872530867375988816
779534355525402634
859415960313266186
883743967387205652
872255571678601226
871918987938787339
871849903079432212
883263572141043772
872539077730254929
884749994060554240
871671305013956628
883282362731995156
781951572363313203
872529010519867402
872212328689569812
871663148153856001
884791762852393022
886345287847800842
871854212877783051
880162913044807724
872402427796668466
871797838349217822
885183385302089769
872403697769021480
871672027583508490
872276067291889715
884490035439755266
883290343850778634
872429424774099024
872495669334650901
871781438490554370
872262373350719539
884501814584696842
872302043191189524
872440542171123773
902305621259477054
872540884682563594
586183772136013824
872321115614232586
872536513525723156
883252458854424586
871797843625656331
871848194676510790
883681021747417108
883429044484468767
811017055314509854
885254095705878598
872495062636982333
872194163968462848
884764892651982888
884779259074322462
886237870443081728
872538602062610482
883670563699163136
884767433565556788
884848465732042752
872250559221100626
883259329191497768
883712503060783166
818555503549349888
883431902902636585
412067927333011470
886249267382067231
871892061979312228
872398980351426590
873477579422711868
886325675898830880
871781443905413201
872255586765504523
883704207331430402
902312113974964245
883683784107630602
884823522973724703
883716812519391304
883705071098036234
883249792438910976
872528482813505566
783779527813627974
830115140997349418
883257314948284448
872313768711974913
871927556889268275
888757288310018139
872195435366875156
883675275982962691
883704707284086794
872218713225580597
871934989028179979
884515425164091452
719168675227369542
883248065983684618
694524034926510141
884517465068015706
872429014978007061
872229796472586310
871762034038026260
871886130541375569
872221865899327528
872254051352477726
870020535692705862
871663136179105892
884495107468968038
789861815211393055
594189989143904264
872312734258176020
902280275206217809
883257263324798996
884762331366690857
883741879223615498
872484809157525554
871998156265623564
886220919134097429
872495104269615216
774903555499884584
872306007450222652
884796347050512404
872175376405770280
883673421953765426
883805258378268692
883674938031112204
883866832719716382
872319231654518915
872429019621113877
884504371277201458
883426696097857547
883679899108384789
883233059456049154
872428012459663401
871802524758319164
883203985618649099
871938704510435408
884875085205356634
872401997242957886
883695547783999519
884525561664397323
888793937857359932
871843737528053861
871879028473225266
872258628025991198
779608545229799434
884732997541171270
883427794636378132
399866704940892162
882801845347708968
883679300124024862
882810797036826645
872317561814003742
884512965838123028
873505318959742977
872447708072407040
883682147297292340
872436395610894338
883740479991185409
902270589316776016
883251089837789215
883264021904633887
773376756911702038
872433136624087071
872526807767851069
872497624647876609
872218063691472937
871920106026979401
872435252784664597
735967807203705004
872394771199590470
884760314300735509
872429411251650571
783797156145922058
870740320898416700
871917114129256518
872410013581316116
884503450610724865
883411039411109918
871889034811678730
884498143012597770
872491934080438322
703737863522484335
872305328207847444
872432320903254026
774806286051049504
884872871170678845
883266841693265940
884857574065836093
872399600764452864
884526243935055893
872294031814701177
872426953796358145
884869800189366332
872440964097134592
866847384201068577
872311414268760114
872291049299664926
872439314066337803
785285078543499265
884792558759342160
789776078943813692
883194333912776765
888794808909463642
872212327922032650
872315230678556683
883670211935502357
884764847231860797
872445215905038366
883255849408163961
872308065611972618
872290563037216778
883251912227569715
884848414968406048
884506747857960973
873483362415816714
883421745338531851
883260707620151316
883414312822128714
773352845415677952
872218722318827621
884768784433434644
883245729752166461
883740509527502878
872305330862841918
872407189778739270
883249826291150898
884742600484093982
884514928545906689
872436723425116181
883758846487691284
884787732742815765
872536480654970890
872255575227006988
883431971882143844
871812747950694411
884514375031980114
871912795480924160
872276072325062687
889406716033269781
884773148829040770
883704192311631883
883282884633427988
872218719345078282
872271050300358659
872221108454166539
871899340568924170
871880697248374914
871880189330718720
883851840817614900
884868486642421811
884749997244031036
873526247102251048
871882313229815818
884769757524533248
883258360017870868
885183383779557426
902237061740912640
872796856344780870
871886115576102922
883670982387183646
883703748852088843
872536487005126706
656238118910820401
883248544268550164
884857506025861161
872269908573044746
872527214615334913
872410734154379285
884499164979933205
872230962317103195
766776316690432033
883423244651208704
873307920337629224
872800319711637504
883251889083383839
871885727615582258
872220646669701130
883248529794035712
886230934221901865
889397072967659530
872311420828659765
901223031182065745
882994177963614289
872538591077752842
884748454973276190
871848210245767208
871843662764593235
884512330124243006
888788097289056256
873517255051345921
884884795144937493
872417847169667093
883246264559497236
872234885862019103
871918491857453138
707095143563526165
872412493450989568
871892058917462036
871849442280607815
725320853843083298
886317255447679036
884755665757810749
884524331386953748
872227524460040212
871920718428921937
886311103880118324
883233509592928267
871808038569394256
866831354959757343
902278890683240479
889394158706515988
884797194232815676
886246596298285077
871970105813258261
884857911929626694
883703772419883089
872401571814707240
872260382322995240
884856127467176048
872435547371634738
884545922502115378
884498131956424785
872315548095115305
884854715970637834
886246230492082236
872236237627486264
883413832419119114
886253962657927248
872531844032245760
883686546174275606
872279887220711535
872528499284521051
902308491639812147
872529995191439360
871912438902177833
883409727822909482
783788506711457832
901499866969169920
883812486674010164
884867322408472606
886226890564726875
902293947454476319
872260756001935382
872317931965517876
456492080781328384
884767535797502002
872803036140015656
872227974253019156
883703130045427762
884826250546397284
883681594995531787
884530214133194812
781957827086385163
884762812306558996
882781584904843304
884788890215514163
872217690171928576
883720155560017951
871810830973435934
883429048385155142
872261468521898055
883766118613934130
883713789466386502
768554752165281823
884865531587489892
889244008788942981
883233528618319932
884768749608120382
886222717899128862
872479268561625110
872793322069045268
883435935386189845
883203915577983056
884807481077940236
882807553392787507
886243091349135390
781061653415985183
883190132373598280
884483061843116042
872540858505916416
872311878670508093
886312316604387349
884896057882972211
880975947996725269
883420995887714374
884506741340004396
872261473529909249
871889028285362218
789401253134336010
805392535660003369
270904126974590976
883429152299024444
883251051363438623
871887371568840755
883688425444737024
872217699399393381
883246287842074685
884751444887080960
883259785334636564
884859793473421314
871813623377432687
883249396312047617
872211848240447530
872188268739969024
872442035112640512
871970473402040360
872221107288166490
882790204518305824
764812714840293387
883723363535712298
871917606544760943
884796344831729737
886340055256408075
872540130160812083
883422670727827456
884877908257165434
884889636307075072
883715033081712650
872233420913266698
872270684288606229
883249360924737557
871669701720281138
872226154713604096
884871679078195210
902272690528874516
901494686714306666
883676399049768962
600834965571371037
873319043338227712
872257310964195369
871850416369959042
884875068985978980
872294034700390430
883245781363064835
883248919994302484
871799224629600268
872294438402129991
879895630032564274
886329694943866960
869643984849498122
883265840923942923
884880197940297728
902285207984549959
872413215789813800
872437524277116978
872254661917306912
872320646963679284
889409628591517706
872296211560947763
886311642135138364
872294041260290068
871882806932963408
872533391877226507
773360887892279336
884768743731900476
872227511239606272
872437528563703808
883677203840249886
872446381703446558
871878219446485032
883050971675103252
872415939520524308
872407588061470750
883439750793547798
883695532856463400
884773203958960158
883672480475140126
872493783529435167
880978270114431057
884747023360880660
871886519391105034
871668473804259359
871886108902961172
902305566582526002
883190224488894494
871811217809895484
883724710293176360
885249063086333982
871917611041058906
883704699533021236
883686571797262397
856489861820317716
886562986712498177
871799222012362834
883290369691910146
884899431567220787
872221104306008154
872280421734420510
872288105368014848
883420993606004746
872496341086007356
872437942684119084
364745756634251264
903104630689505280
872539596498550824
884762116517675049
902311154305622026
872438801597878323
871912423676862574
884856149709553724
883420546044424192
884794351589396481
884828789287293028
886563386941378611
872252666942717962
883413842263175218
872213136407674881
883268406424502292
883429060447981568
883702721872543794
883724209849786419
781957263866069023
883261678228234280
872170972009078844
871881087654174741
872497629081251900
871813601797742592
628186022991233025
883435332001988608
884513000793452595
883261684175753236
872538589228052483
742059399593459803
883706882852810762
883246235811721247
871972489050357790
884755805956624384
883743423109140492
871661041782763541
871801134761799761
883260703904002049
872311412469415956
872276075294625832
884498874834767992
872488475230875678
884541239934980158
886227863337062450
883671964068237323
872302063361622018
884504356861407332
781755653147852810
871886122458951700
886303045204467782
872319536693661767
580096308665122817
804398726843072552
902282224261537825
873520810051117088
872313496027672576
884779705591562240
819954244614357072
883695183936520212
880976245322571797
619841690542407711
864473042524045312
884501805973766215
872316954621386782
872408734805139497
883723816918978571
884909506461573162
884761538169274420
872291044849500180
871853294283292724
871851923203059752
883709477445066792
872530379234496533
829436683463163944
883251925120860161
884504641025486848
757336474868908144
871969797036982292
884795099240882267
883440927111262209
886569006931275797
872320289445396501
883724202534907916
872423321092890624
871778794581671956
883293738955309057
888829531077636157
876850171399536671
886233839930847263
884854720752132126
884773184493199390
872257321793892444
871805045958656040
871801144735834112
872496341895503953
872529525395845180
872270375931752532
871883790899892254
883439751858892842
872430082600361994
872438807981588500
872291491270254653
884876936915091518
884790772770168912
872495662896406588
773370669659717633
872440188406734888
883725173759565826
872792735961214976
885247626008752198
883671750880137317
872530883146559559
884785818399555584
872213719751462913
779593191279558668
883716778646175774
872311006255271936
807440538541883443
783772870106546207
884796344856903690
883245775738523679
884748450955137024
872492534482473080
884517463268679730
871970095574958150
554849306847477760
873319994405056572
773219230724128848
902275159040360528
883233945762824232
872228769274953769
871883788144246784
883256260915499038
883441555183140894
883422140093837412
872489100203139134
794995339702435851
880163281673805825
883724701527068704
871970093964353538
883248950273011764
872539557051121734
883725184836710431
901240618477551636
813720704527892480
872296660502474822
883714694697848933
872259080125808680
884790781930528779
871666270246944788
884513013531553852
886567060816158750
883761867770699817
872215404309803098
884896025423273994
834409899789254686
883427244113022998
886572711571255326
871882317356990566
871664610913157140
884869863946981397
872169777890725899
880976242462048277
884519507165577328
781960514120318987
883254640156770307
872317929809645578
880968193773035540
890574607197810728
884538864323141633
883709993654829156
901498334064291840
871920096791113758
884865606703251527
872431018173399051
872251921531019364
870028513581875250
277234960807755776
871850405217321013
888893199685406801
884565180120465478
872540889388572723
872271032046731285
884776148620410931
872434533633495080
883426687331733504
332600333387694091
902311351152672830
872306998698446878
882996020865286154
884488816428191764
808637525890957312
872258649467265124
883668068142833735
871805582041055232
770974497695465474
884785827937406997
883233487954509824
871850406085541928
884503097819406427
872526776134414366
872430601578381323
872461951064735775
791029062050906142
885183386879135764
872220303135236157
883722433679486976
774898832064380939
774901546496163840
883774864039755786
872288913752985631
884504407792812062
883258336835948554
883441504369127465
568083171455795200
872486801695211540
774869688756338728
872316555646623825
789871680037978132
872398570987348029
883257308476493895
871919760386949121
884498129548886057
886234343901650965
872532786249089106
883704215103471696
577276278965796864
872436031486574593
884551086894112829
568111949011746816
688135173241569308
884820128582213643
744233397186199602
872442048240844901
872406601045245962
883201780966653972
871888578475593810
864733251166797835
872529485122138112
883677548024852490
872540861467070584
883414293293461525
871793274409594931
872315537374478336
872394403673673748
871669701883867176
883425813557551144
872252261676511254
872260384978001943
883250202595713055
871800653842907167
872446760944029706
871881090338549790
880975938991587338
883724214283173888
872525465716404315
872172165162750032
883290862874927115
884510583955787796
883416969712373831
872256504978370632
773349988817174578
884485868780408832
871854216510079006
872537079173771354
883262263102935060
871672018532171787
734524175720382496
871851412345204776
883410399066730577
902307195813785600
883718134203310101
872809045633957938
832718840424824832
872290131296550922
883250192722309190
774735079619559494
871661507564421130
884778041937649725
871668014796386355
884760259925790750
469661226184474634
871901087945334824
883255388294750249
884856194118852628
883704263467995187
901233446016409651
883249810755420181
886340835518603284
871971187759149066
872171694607986709
871658892306833418
883414813915619368
883413228372258816
883721760690810980
871805041311371274
881615122194387024
902307408708239391
883423172630810704
889404087425196063
872250990059978752
872426488983597107
872233914696081451
884795103036715049
872406617809883256
871848615591706624
886231620359716914
885180627903733760
883696521483280434
872531339742707792
883694655424843776
883716001043202048
883411088455110686
872321126515228763
889371195915522089
883667625660534804
872230251697172530
871669324585242634
884503112080056381
871919756704366593
871889783574626324
872496285670854679
884774367660228608
872400230941880351
886569790116888636
883260667933638677
883257709191913493
871972906299719722
884494373885181963
883719737920606229
773380173139542076
883232613974810694
884730885981765692
872399608872062996
871880711794200627
872223095954485248
871811228920586303
871970493362733056
872262380351016990
889402614817636382
884499670557130772
884484575361900544
871973979806642187
888158425404559361
871886514508931093
872789626048352327
871813620063961118
872430082231246908
884897532294082642
872403699098587177
755168143202320537
501949394774523904
772112178731810857
872216955317256193
872438302588948540
872433979876315176
830087659937726475
871811224000684124
883254995393335316
883267306522837034
871851914810228756
884825031249629254
760173863820197969
618870941924982784
872229193658814506
872289319233138709
871901805712388126
884883253511741550
873478667563589672
871813199358464080
901476026910142558
784384509264396330
717252317195403274
901245672060256276
872496274425921547
872479285208825876
872214753332854854
883674425474576475
871668850368868392
889383823966621716
883213557108457473
871901820501499986
885274256110415892
884740142798106635
883194468306661387
871972032982696008
804408977672372235
883195944559067177
884769763090370581
884795095843491850
871888583777198110
872288135004946452
884388028045463552
884518360837140511
871843728552255528
834406533609160704
872534393858703380
872226164800897044
884506292138442752
884896013800845373
883293763928227901
883712528331456513
872261465472647229
872526795990241361
871849429274099713
883262274603716658
884778016415313950
883723685402411098
871813203124961310
871878227797344267
884499742472687666
883695187526815815
872493020795260948
883705075363618838
872310517782433812
884907761366872125
783781930956488734
872788532912070676
871899801799774208
871668020425158657
883726041502347274
886564856365469708
871971573467340812
872479282541240381
883435440936480779
872176253363425390
872291482990694500
882800468135379014
846420607611699210
872495034103128064
884504196928389140
883261670472974346
884871681028542515
830530156048285716
889372034159759411
884512960511365151
834414577864147015
884768827714437180
873515530424819713
889977155340091472
871886961617567794
884500103841341450
883201329424658443
873324384469798932
902280566420955146
883449216813387838
872172170204291092
884511840640577676
872401998044082206
883865573136662538
886334907406749796
783789286738755625
888154906496729089
871813203674398730
872409996892192768
872218720515280957
884766232283340881
872259099365101668
884539933761605644
781956191558434867
872301625191063603
886303941703393321
872276077643432046
872460636607635458
871665018045866015
871668494842871828
883724682837262376
884571570838831154
883674743738368030
886222392865751060
872314861298790480
872311017856729108
901469876495994904
873509869532094495
885575291156709386
872269571103543309
886564108713992244
818825313638416415
872799001760645130
884785876993970176
883258920875995186
886246996074192957
872222362546876486
872317577349709824
834425149033545739
884890261677817876
872314863773438082
872430597719613450
871849919911186502
883143018088116286
883705088252706817
873477388800000031
872217322058809344
886241729479573504
871660335801729024
872219092600385596
796929878725230593
884769764529012807
883233956055617566
901247683845558292
872269562731700325
834424372483588157
884788895038984193
873309258266075146
883713303254282331
883669567052840991
883201213863174214
872532771686469632
872313491938238554
884573701222322197
886326001016123442
872314870706634792
871814689158492161
872315220020850779
872321512529612851
872272492696317972
872525466647531571
884884724437360680
872254054112317480
882802327105450034
883256827473702934
728012693570584656
884499420232687646
883707959853604904
872306990527963146
871762029613039646
737022433336361111
883678372553687160
883719720275148850
872534444915982386
872437529457070140
880977956757979136
901492475103948830
872528994912858142
872540883977900062
872537608058699817
821952460909445130
872216202024480809
871926627632824371
872535490006511776
743398264757551186
883740485024374855
872540089295712327
883414770236145665
872289342213730324
886242171458568232
872230957569171476
871814015259643964
883251892673736714
872290136031895572
872532301190422539
872218382877995070
696806981100371989
872315547294003250
884774391420960819
883713801445322823
783781257145745458
884497142910173205
883669821097652255
871812385143398411
872302052900999188
871884224515412020
872497109658648587
883776092907921449
883718569769205901
883722463442243634
884796332882153472
883233477837856779
898657169292017735
883703775418781696
883202371050688543
883719735177531403
886332381466886215
883695511234830377
884731296121757716
884748439143981127
783783737196281936
872484812810780742
883441503672885298
872251936160747520
872497637872517130
884766247558987786
886313791476858890
872440553936134146
883412642432167997
871668482444492841
883265839745359894
884499661732343819
873499493595754506
886317981271998485
884904259278225489
886321908306542593
872224494406737980
872314876431839232
884517464845713409
872807376330293279
885249990778294303
872230231354769468
883194318985261108
883931510409932841
871970498391707728
706855160453791784
880817051294367845
872188284783185982
872292026689912842
872288523812757564
872537647447408755
872398996465909760
883268828967075852
873513879257370694
884851356253454376
872292039138627614
872236234792132700
873523458523418664
853029863497138217
872538617698984047
886243825016782869
880977971719045130
884768739306926101
872498385024868422
886339656344559649
871672397319790603
872399593155997777
872530861197766736
884859786569601068
882758700715098203
886319491460497499
884773161852338217
873343789484359710
871659404607508511
883680393058996274
883233480392179722
884766273534308352
871912777793564763
872213128048431135
884511970336858153
871882791149772822
901248114684465162
883128817433063465
872429402523308052
889413267540283423
871800646234411058
872230950749220866
883437984316289036
872224092282036325
781948541467623474
883248494633177088
872307643094544394
903032404942422037
888705430530949120
886322828914327622
883449213143351296
871884218538541176
884884740618989568
872402420683137074
884868561762410506
871991654050050148
872486847568302111
871666851439075328
884484068081811566
884510259140517891
884758669055651860
872271501716492388
872437529960394792
880977963976392756
870017881566494762
872251001271386162
883696004711481355
901234921677406299
734061761535279235
883259759027970068
884523324728827974
872461568758140978
885252094427275334
883669044673269761
883232572572831755
873484250756837376
884497852691251312
872482562281467914
840585628408217610
883213035316084757
828002657146765374
872408724151607327
872170963003899945
781954971477999656
871882792059953233
872408736487067658
871901806203134052
883264003810418699
884767516226883604
872527219870802021
872216937734762557
883716291175809056
872462357606072340
883251061509488650
883052223259631666
883129794559090718
872438812733751316
884886077549183057
883249786394910740
872215409078718495
872225023639814234
883233952628899850
884791752488259605
883722895635935292
872537600622215169
871905742767145000
374748674741501952
883426800028512256
872539570988781589
883691260244819990
871801919700619367
872271044348629003
794995801226215455
884750998004957214
883415836713427034
883681053015949423
871665853454745611
871797298307432469
872435543659667537
884509901790011432
885252550293606421
871971185779433492
884909254971097089
883233024391659581
884572513571598396
883422733189390336
871892068971200532
902277858989342760
886320443563319337
872318344114606092
872428683292467220
886321633231507517
834312659846823936
886333684834250872
781919118483259412
884487625673674775
872402424885817385
871970481820012595
872176742436053023
871903930349666394
884857901284470844
884510154538754110
872488441512878153
884796359746682881
872525390130864188
871800643344552006
872221868608880690
885183388015800401
901493018010451988
888791304807518298
883720581034434652
872410739988643901
873480749939048508
883717250257924097
884517769889071154
860119667237191710
781950218819600445
871889405420392479
872250071582912553
883440970803327027
884497722185515068
883703138689884160
783790742501851166
884856258203648002
871886508116807710
888798013328338995
886221682807808000
872294433272500264
884746104749584414
883269428903551007
871849419715276850
883696627037130792
871661045519904779
886225854017978389
884501604030636073
872259501208776724
871973452867833856
883246259396296734
902273212648398900
886568184952532992
889380934179246090
872272503203037185
871665445550309398
884791762416189471
884501253122568262
883412647188500482
872218043105820672
888159199043923969
871842800101101659
872496300254462053
871970814692573206
804399359343984661
872229167113056266
880975932486205451
794994546081136691
883423177768849509
883696990960103464
871843677260111964
490707751832649738
884797201920962590
871661029015302146
834445567894749184
872534399713959996
872211849595211776
872497665106133002
889406134631415848
873504025096618024
884854730478747709
872269906421358652
883196748657487904
872532797565337640
872170150265249832
871920692688474152
883704226495234088
885252312820514896
888793179602694206
872494458762063893
886324737595289640
567703512763334685
883675272522637323
871885263717167155
872399597694230598
883422658430132235
872318713091723335
872539085472923659
872280431075135539
872497117111935046
872535501339492362
872529510204071977
886254562267263046
883197410925502484
883684382697734155
872301186932416553
899290724124721202
884746572431237140
871853307893776384
883233019417219092
901250533065621545
871843228532506624
886240626130178048
884479828936491078
872313102656491541
883440936745594911
872538582689132634
872437514877685811
872219430615130163
883415852345622570
872306639640879196
889089474234028053
886249699865149510
872316088669577257
871942420181438505
883259409462083634
872308466511904800
884819467316641793
809821632566263818
871798661988888656
883198112703873024
884880248687190148
871949852148383784
873344393355067462
773373129153314856
886562369520693289
883669753875533824
872462348663799808
884880169716813864
872489463455031317
884535711167033344
872306644283949086
883251468424052766
883703139780419604
871995368630542357
883261678005944361
872288913052545104
884506746423496775
872794283202207796
883290897352110140
292953664492929025
783793628065693726
901499296325722113
883427339671863298
883725571295686678
883708902666035272
883429999045132368
889242215346491403
872289344101187666
872533336013303808
884790799018127380
872498397972688908
872191625198207009
646937666251915264
884777105785774080
886307700177252442
884792616460353547
866798571692490792
871669709215510538
889145125618470943
872171697086799923
883687687083659305
833275406278459442
883725565360750622
884875054419148810
823683250529632256
872228771736985651
883740482960752761
886310349064777738
872529519918067723
871853310011924510
883252490190065714
872170161346580560
883713303816310814
872295752808943627
872527892620378143
886571087268294667
884747206958145566
872446746268143626
884508514574299137
884790780047274036
883258922268516362
883726519304855612
883144242157998081
883255893418971146
872413206382010388
873318157367005236
884503107466322000
873308702214586388
872316079773466625
772899395712712714
872307651017605122
871877498076561489
872531844485242960
872489858365538375
872461054309974046
872448010305548378
884499661052846090
726805896759345234
872319975438835764
779600248346771456
883726025027100714
872445992920809512
884788880182743071
872495060615303199
883710789276557344
872527865600679956
871904641867190352
871668870535077900
886324193468231780
889909162836918352
884508246184955924
872301195925020763
883252959692070912
858815539005358090
770972459163058177
870018681533521920
884542512360980491
883248039094013972
872195004708315197
884760711836864532
883256265227268107
739740219544305714
880968552314716220
884741326204178444
884853123821219910
872253596702502972
884760245333811210
872400690880839690
888383024302018571
872416654066339890
884497295461208075
884510108661465108
883293752993673217
883213068585299999
882791194504069120
883259317791371274
430384808200372245
872312730034532362
872291490875990078
883268379417382953
883696479573798913
884848434094436383
871877506871988294
884865530408861786
871665439292399616
882748168125685760
901247491159232513
883715259234394202
884760280494669885
884749989706870784
678711738845102087
886247430725722183
872312362227622031
884777104988856374
884500894899658772
872446378062774282
871888589506637905
901430558641508392
883264021199990814
872537066616012900
872436718593249290
884510144447279114
872301216330313760
872312356389142549
884498416162471957
872399594246504489
872215803339091999
872479668681474120
883267343889862686
872436015879557160
871843747426603048
781958781285171240
884904280144883782
884499692824711188
872271479071473677
872445214860652624
884868491147092048
872461962213216358
871843238229712926
872217304644063263
871808027781632031
884535512482861136
883251040781221898
884503102659641395
872289327923728425
886559571634683904
872315244863696966
872497624643686441
721902902146367488
884498085361885185
883441512237645854
872534957879361556
883436019624595506
902279416191799417
880978285700452414
773356767299371058
889385349145559040
872524792710959146
885291750044885092
872423333088600124
871802550943363143
902288907520081980
872251496060837909
883293756210704404
872172162759405610
872318321519919156
883256805176791040
871885260231696394
889410228205019156
871919286204133417
883409706314526751
608760669181050885
872527198492434452
873480384954925077
884777139637993522
883411668892282971
872439709996044339
901218088421314570
872398568806314015
760524191660376104
871888004782886973
871889766696767578
884890334981681152
872227519473000488
872295309601013780
873516831007199232
884510124578865162
872460321296617513
872493005192433684
884853103843745812
883261138802982923
871900205048549376
873496890107375616
873515908470013962
884499417229557800
883257694629273632
871843693802434560
901209627683881011
872172159840190474
872524790555099206
541679937870888986
872436709273534506
886566279966760981
872430066825576459
872194148399210596
872176257167663134
885255096756215809
883262257671335997
872312371371196458
684773505157431347
872227529514184734
872170162638434304
779524363191058474
884899437363753031
884902418985386066
884501190736506921
883415274601201745
883680468720058429
884850173652664391
883264511660916766
884909256132939778
872250066834956369
773211540488060928
872427332235853844
884547150330085396
872170161724067872
872188287526252635
883721380082896916
880818871609741332
902304635602235475
489076647727857685
883431900201488424
596386610921209876
883268834197385256
883717691507114044
871881119031763034
872435548059480104
872253581204541490
872409993238958110
872318338976608297
872443111413006356
883290853223829514
872786749678571621
883253437360386090
883721779569365033
872295309793964052
884511508514631740
872401982625808384
883266882998771712
884795358859911220
883702762515365898
884859243293970462
883243739059982346
883676772871340033
872428693975339069
773382045853810778
884791802744422440
883425737888116766
884871736934408203
889388536887930911
883125988572135494
872540088838529195
803726768682958878
872313495784423434
872400249912705055
883256805814308874
883709497292488724
902402798224801813
871878230364291162
884480777507709008
884789882118103070
884897503529558066
871879033061802084
884499435814543391
871886518388658246
885254851817246730
885183382869385276
789881662234034176
870042645177700393
883713361752244275
883775528119730177
883760199377240084
884884843358457997
883697023545643109
872430072362045511
872290687884853308
884902437436141658
873317719016112190
872801431214759966
883290870336614452
883260700846350396
872537607286976592
872269919369191454
872431030374649856
872195422964318338
883716800829874196
671176256313622548
883742942722932757
872213705184657489
883198715345645578
872174750754037861
872431980615196692
872276055883386880
872526792974540832
872313486972186664
883724690336661585
872435014862798880
883213565518045184
884731335573397515
872408717394595841
871853319386193930
772898280731836456
872287240926162995
884758662869037086
871886944706117713
901497255146708992
781949795341303868
883265825077887047
884854740687671356
883421690288308224
901503730741022821
884492102363414558
872497148455956490
872258173879345223
880977965637333024
883722168062599180
872447271197900800
883671810523140146
872291485045895260
872291046598533164
883744036781948949
883421654615732305
872312358054297600
884769764856168489
872219899227963512
832772993246560288
872527862111039498
478370481926438932
884857501613453322
883723363426643988
883260700053602304
884789913499873312
872415943932911656
872438296473657344
871671298911268894
872532295297404958
884796338628358174
872253573495406653
872445621502615583
883723373081931816
871913431282876426
872258605401923705
768906119358840833
871779360363909190
871970104513036319
881862674051391499
883412081846673488
883263998538158110
871672020260237342
769681778885525525
781961941425848320
884504575418171393
883702716206035005
884511638588358727
873523926049886208
872218395343474778
886331721140809729
873521172988448839
872526153833930802
886219410531049492
872225026848464957
883427325998424064
883696503858790431
883435374322536509
872436037291475005
752640468214349936
872220643960176660
883189431287300117
886304788256522250
884517770107170886
883411029747441664
872525418228498452
883265861408915488
884778014326542346
612658504754397195
886254251133775923
872432316667031562
884532274647941121
872257310859358238
872428022710550588
902275493896790026
872427338896396290
872279905990217789
872223088379572274
883721760648867921
872261477879402506
268420199370194944
871917091731693618
884867370882056193
872447268106686485
884483527679307896
884899432804524083
872460309179293696
872307304102522880
872250063664082984
871920105716609077
872295751785512990
900830398106435644
871662199532294174
872256005495472219
883262897776640041
872306647467429940
883282834683478047
880163277827637342
872416656142499840
883757972365406209
901232942897045544
873499131023360040
883261106443919390
872220637895221358
886239202889588776
886326812047716414
884795359736516699
883421720608915480
883723828272988232
870050573125292032
872486804345978961
872315226840780810
871904639195447386
882997173191573585
884875049209843763
885247834419515412
872538616939831328
872537059036917821
872495709566427246
884501805600473148
883687150808358964
883718166889517056
883449206340202548
411916947773587456
871666282926333963
871843994110398484
884529644899033128
883192709903437865
883681959837044756
871668030042701864
888156467272765440
746026987381850252
884484083340673025
901468382006755368
883433570616631327
871889032370618448
872301623630786650
871887374353834004
871659893600428153
884503107189506118
871805060324155514
696018065745379388
886305283725480016
883704710702461049
883267340341510224
872539071220695041
872530003282251878
872531346067685466
871918041456324638
884508654936653945
872320261968494593
884880165774196807
871662215625867274
872534990192263178
884762036511322133
883264008780644402
872236225350762606
884503160381636630
872224110728577025
885082484247756810
883179048208060467
775442499669721169
872302052519338016
886327176864100453
872497149466791947
884731970129657888
883678545149300738
871658914519846983
872302041987424328
901246350824456212
883420464238723143
883268847405264896
884496529153462293
885077176817451028
872537608985645176
871662216364040212
884859236411142155
883705091100655616
872443127259074561
883720993560985670
871668854617669714
872233409190182963
817080178055708674
883251895156744233
884857512774475897
884496461671305236
872530885784772670
871971173863395338
878872981194047588
599978203049754664
399867501862977536
717305424486858794
872289786117906432
884098407097045002
902282236001402950
872529508836716614
884735916596424765
901242344928595998
872221871217704960
872293582172729356
883713809196408902
872313749447512094
872256845488750652
780019368654405633
871970827443257344
872315535495417867
872416653672054825
886327585313783808
884797191707840533
872535990546333797
884891922693505025
614109280508968980
902270273888333894
883213089355464724
872232037388546049
880968197120090142
884748969069133845
884476575679131680
872533346788442122
872428682080317460
884857565526249542
871883776953815100
872313764362477628
872440537435738123
883725191363047424
871971568765530162
880975930963669002
556179409896210432
884850177754689606
872314510650785802
872531351197352016
884865587614978078
882792022858154004
872407186037420032
884517725018398760
872396832402202645
884494818330419230
883263582681329694
871881445382168626
884786692479909949
819838809318621184
883715258118725692
871778815154729000
883203222842519622
871812367552499712
883233908521582623
871901103262945361
872530383294590986
872317936788996128
883202410007392287
888755759276507236
871665847838588968
872537595714875453
872226797738135552
883705536237948999
872236223203274762
884891404080381982
773529993871228928
884503787795001385
884493253896962058
883255381407727616
872401111997378600
886304407606657044
883252942961000510
872256011673682000
883142245761576970
872436025748774963
886232015547023391
883268874668232724
872489863449047081
888541278063697922
872225028010299402
872223092640989284
872230962849787924
883427257278939246
812020203684233219
717688673780367362
872321498449334315
872528500630880326
883702714444427274
880968193039032350
884795361892368424
883261699724042320
901245220686024754
883683966941544448
872221469474697256
888157639673012234
872435000132390912
872423315870998600
872214191279308870
883761015441985546
884517763580829706
883256251876782090
814100764787081217
883708439916863498
872527859212746782
884496128190582864
779535354222084146
872293219856171028
901500469787103272
886252840518049792
883461100014805092
871803972049047582
872226153514020884
872540855196585995
885247324010455081
772898908266561607
872276458771468358
883434781013057566
871807477979709470
884797201203748915
872297058923577375
872525416735342622
872431970800500756
779612546701197323
883758857019617301
872531834620235807
872461959226859541
883265035667902474
872254659505569813
871668035474321458
883710843752153108
872401124387356712
860612643789471755
882801153996357674
883264544904990730
886226534749335572
871982365403148359
884504034768199721
872278250473279528
871883302737444974
888387049713975337
872226789634756638
871887358209966091
886311968854654987
872190275425013820
883693882204893204
883252488411676692
872286609268154389
883410376178405396
715497247520981074
871671298470858772
883768072303960085
871664211942584330
781947834639450124
902300594868473876
883449202972164138
902308385473560679
884909249526915132
872443591815999538
902303545951387709
884513002102079498
860840718465892382
871889757720936459
873323331061960744
884491182477041686
883254646876012574
883416921511456798
902292148454559835
884848412044972122
884762025270583317
872176243737505792
871882810875580416
886254830987902986
884761788980265010
872403285431169024
883718570150879323
882749002796380221
886565191603609631
881613572478746694
872540133960863755
883256298370629662
715273322199515316
883252965383745536
883684835980361758
883415849006944257
883420470463041576
883741868289056819
845991854918991873
883858684487303168
883266854968246283
884508862391132211
872308050189496332
884530675041058837
883124651969093663
883198207461584966
883423735779057704
871918041250811954
884744802862764054
889243459091836978
883695527491936256
871670147306364939
884872860873662544
883943898827857930
772905864545304626
886332775316221953
438057969251254293
815577291328978945
883293753597636669
884777139541508116
884514599209168906
872169770097729567
886255150958780457
884909259144462387
872270681256132608
884873297966301254
883263548367712256
902289704307814451
884792550089703485
871662199893008434
872807974194806814
883740484651073676
880163280189030460
871801924721213520
871662225226620928
883263569762857030
883847447569399868
884779684674551818
789400205748600863
872218725691047987
902268264116256803
883409807388868689
883672672343572570
882794614296301618
883262911068373002
886978153661210644
871901809910906940
872292458531287100
883723805581770752
882787674447040602
883293763861106728
642659003272265728
872221095820935179
883282370051059713
872305312097517569
872396821643796491
872496250249941082
872461945054310430
882995193580752926
871973449051045888
872280428806041621
872529029901746196
745612332188696577
872415938543239189
872308465593352203
883741008804843581
884747196476583956
883198105598701618
761001431569661983
883697019078729768
783783179231166504
883710849125064734
883712010079068181
871810326461566998
864231190893166592
884549735724253184
888792023463768125
872216196366360606
889405418214920222
888795581437317150
872272500845850724
883422252106928179
886573515950653440
884822372530659368
886232390916276266
872255588246110308
883680794047037490
901060469295554582
804401879614226523
883264490739761203
872526080655908964
883713312578232370
774899289897566219
873516287039537194
872227526536220773
883716281705066586
872175389475221544
872414243184594945
883250246577184778
871892089170960414
872525459672399873
883714678461710346
779517294555430963
886223689945853972
882988552684720128
886342456457723984
773343978229334036
872531320297906197
886309960592543775
871919763478155295
883687332061016115
883258358944120852
883743438204448799
883437903211036712
872313107647701033
883255891376357406
883411021291741304
883870510038020136
901220479384289300
853283624492072981
871783611349753917
884760182066909204
871971564172742716
873475159758078013
872307298037542935
872497105590190081
884567970674802708
872394408488751114
884514139379224667
884510103456337970
884499243941888040
872255574564282440
883243751760355329
884757927355887626
872321511954976791
884856209591648266
772895393830141983
871666286021709855
886309167814557769
872433971814871080
884789902183641139
884776077451460618
888788848140754964
888796457849720853
872430596851392534
886231254738010182
886563728278061057
872280429611319396
871814681885548624
883707981349408789
871879598504300574
872526786087514152
883761460063391805
884851391389138957
884907762964897813
883261696297271316
872188261701914624
871811733793169450
884896014274801675
884520005172097064
871666291797291048
657215950420049941
876806150232870972
624578397645045769
883710391732023356
883679651585720321
872428008928067616
883424362542301225
883249361998458911
882809474354647080
884891468014182481
781949177629900800
883255044353437706
872439733446398002
883423165747978290
872431029384798259
883848452981813288
872259090200547448
883198670781182062
884506775926235136
872289336966676561
872525471416463360
883449207904690186
871793865915498547
783780738793209898
884538553722355724
871762033777979422
884500447052853308
872230946378752040
888704554839973898
884737591872737340
872439314565435422
883783301121335377
872191624598413403
871843212950667325
886338626399637514
883121546489659463
871850827105595463
872460308915036220
884748449759784990
779600546734407691
871901823928246342
871808029534847026
886321429283504179
692297589483110461
872485260858896445
884732369146372096
884880259261038683
886302667851313202
884851354630250527
889035346980007947
883713837319200778
883441572543361024
883213048888832030
886240996235571230
883261736155774998
547905866255433758
872537054150537258
872256013473021962
872400694286635098
871879608641925220
872306631629762630
872272093021102111
883705554634174484
883423735888093214
886250398111920142
884790781393641522
883693031780405269
872530874078478427
872535964587786301
889033933386293279
883757060485939260
884526823554289676
883703770368851990
884766207104917537
872308460258218056
871970491064287242
883203221764603965
872398556575711232
872447699897692210
884511323931680870
883705525026566194
883426683674316800
883203298092527616
872233413921353778
873523078238457906
871901089723744267
872194151612022795
872431033977544755
883695526191697930
883195150065627158
902813309730967572
883422666135048283
872190279497682945
880977955885576192
872228397768663081
872480436427829278
872448650863841400
882789529910665227
872436384428867604
883203225258434611
872445997278703736
614195838389977110
883675703499968573
883707574896185384
883670065671704586
902302131237843014
886328042132209705
871971561685520454
901239736314769488
872217325422661682
884891396761342032
884505187773984830
870353532677685288
872313503501918310
872408120817766421
884909259266076713
872221458443665418
883253437234556948
872461040149995530
872539567482339368
871853308950769785
884787747821334579
883260288806309888
883677947360321587
872439316318679060
880975912651341865
884777141458313236
872216949747241062
882992231722647562
902272286671896616
872526057302007888
883439763766525973
804404068025892895
872529502335537222
883705541950590986
883198116256432138
871664208645877820
872218049296609341
742733555121127514
884761993435840534
872439310689894421
882768736375963679
870047614517801001
781960026839187517
483377420494176258
883258379567501332
884779263063105587
883411692783022090
872426946749943808
883259392164778005
872308457888432219
902306630216056922
872257306006523914
871848189270057051
884872908298678302
884758581688291358
872172155188682842
885253887186075740
871812747145400350
884769875518709761
883717712528949279
872296663367176212
871919298560532480
883414812778958938
903021092581572649
883253465214758942
872308466050555954
872540867209101402
883726494361350155
872480729085407282
872531865863606332
873325361293848656
872429021818925066
871848608507502642
872276897575354388
872495686606798858
889411093007573063
872407584114606100
883119968022056994
871879034995355680
770975100157689896
871973959715921921
880975917051179088
883705527295696927
870016643080810576
902274567299530752
872538630151897178
770975906364915742
883424359186845786
789882236430188546
884494802232705034
884767435079696405
884863657715048468
883716298746523728
872449193157984326
872402415004045342
902278455889117195
884388943498469387
884877843736191006
872228397718335508
872294862567911466
872232044304945162
883415293253267517
871665428605329468
883427841142829097
872311903177826374
883251046250594314
883257687838715904
883723830231707648
872276073759510558
872429021718249502
872260764591882260
886252454767915048
883724210386657351
883415289759412295
872308928132829254
872229795394633780
883233004212854785
883246250407915530
883720169128624159
883256830447460363
871899354452078662
155149108183695360
872532788765675540
883709491881865317
883691014169174126
884785820681256991
872191629023379557
883671531664838656
811283944175304705
850742771119161373
884506753482514492
872446381250469998
883232556558999572
883282379731501086
883708428680298520
872482573975191572
872448639291768932
887001514298728529
767535340402507776
884477209644007455
886328530647023626
884854752867909683
422087909634736160
872308915289853962
883433554464358460
886340420383146055
886561491199881226
873474644571725854
872292013649846272
872460644203503636
883268456504492083
504430047604506625
856273910743302214
889090412105568306
902303450950410320
872443564766920735
883869297548619776
871665037410992179
883433571858133012
872217701148393525
884494779717660712
884734300426207253
873323822332387351
883710225771802634
883720958811177062
872295761847648347
883233903995916288
900388389482823741
883433098732265532
739735540483752006
872529986140110929
883695184901193808
872427608195878912
884505899538993222
901475213030596618
871664615245885481
883196057851408385
883704210019983420
883741008360243302
779604124697231381
872438302849007626
860990526102437898
883695527588413470
871886508221685810
884792545996062771
783798247331987458
883248965393469450
884572116316454962
872272495070302239
872236239984681020
871797308658954270
884796349122486394
701592493657030657
884749988029165639
589603621348311042
884481147281756231
883250215916810251
339926969548275722
884531098598654023
883777662529704006
872288928609226792
871805049733513216
872417859467358218
883434912189923438
883681448278773791
823705349144051762
884510954782609438
872297088896098335
883711478753017917
884505562350514270
872439730640408627
872221868462051369
884886078690041938
883669303516340334
779531562274259025
871970815275597825
883684199884804117
871814691935113247
901469140425015378
871842445623693322
883721377054613526
902311609114984519
885249625525731389
872428017987756064
880968551022866453
778860704873709598
883709485682688050
883702710224973874
871882335417667614
871877505987006474
719632752571449446
872407580591423528
872494444883116032
779615657125740545
872215780433989683
635105305113395210
883719773861601424
883726092148543559
889414066974629890
886307247687356427
883261682690969611
883435335160328192
883256835329630228
883290341757841439
865047276266061864
871881091731050556
872530419692752946
883282361410797578
871972499070537798
871810825713770496
884485378592100363
872536468705407026
883696010772246580
872261939873607720
883267844995973121
871661850008383539
872218388519329862
872219100330471514
872402001462427678
872437532141432873
883769885065359440
883189333396443146
871807483411329154
873310713987342347
884747196422049804
871812387269902366
883717659965931530
886317630380728390
883742934992842832
883254617733988352
872408709119221810
883252438314909747
884498162704875590
872226772576530452
872224097571065908
883250600689692682
884875100619427850
871917103492526090
883677836613935114
884767484190785546
871671674154655745
872528492762382396
872307632319369246
848478064186228736
872319993369481247
884850195542716437
883430003759538248
872403699497066527
883256247724425217
883290325811085342
883255885172985866
883213091825909761
872531358369579039
723472531788660757
889034642219499600
883710830930182154
883439828090359849
883361580086091826
872539573824151652
883771543543513089
883433571891679232
872286611059146782
871849911929417729
872311887163981855
883233013595533332
881462025514020874
883243766385893406
872497106433216563
871886118042349640
873466893372108870
872416645518336020
884779256809406484
886569407067873291
884495639604527114
776016131504734229
871919753420222534
872537056323207218
883695857373937726
883410402384429187
852823148369674270
886328198684631060
884510154060619787
872306984504934471
872436033139122208
901211350305501185
889032510258958346
871810329020072046
883691206851297311
872300783478140980
901470523366727681
871918502007697409
882729507402952724
883673883331399711
883712907500716063
886305873226522665
884902399481880666
883203922502750279
872194156372586528
886238850966503474
883262277166440468
872262367298334750
884735323236597781
883415785555492864
871808697934950461
873472851632619540
872487465104068649
872435546323038298
883233012320436234
872251495020638228
872408718212476968
883203289196421152
472714545723342848
872259099960676402
883232558719062016
780012338333745183
884853078791188521
872436718211588167
759745270631628820
871808016595427389
783786005084897300
884511479775248385
779526148501667842
772903358256119828
884884737276133417
884573112182657024
884766277363707945
725114855887077466
871913435066163281
872261486888775680
880976244181729384
882582452663640104
884871689010315265
872230977047523390
884564124988735509
833855011984506980
883726055448391780
871903931960274964
560893917839622158
872253576968278116
883420456592482415
883721755598946314
871937776289980446
883671026460942336
872306642216177665
891864386732425276
872320634506575923
540308955617034270
789883884820103228
871805050027118602
872214192281759784
872176740330512455
781952168420442123
861774587201191946
872261478781165609
872532820478812261
871918059147898950
872433556079657020
871661855943323678
872216194583765073
783777126314803200
762976674659696660
725775202876784723
872280425219899432
871929414949163038
872317579966939196
883425085585776691
872254056536633365
885250221402103849
661408036220436511
870023955237445662
872449205803819008
883720983498870876
872440179632275526
872218041281282179
872256850756784140
901251237809369118
872535512370532452
871879601910087710
872498371527589888
871940562427711528
872498411834863667
563434444321587202
884792542367985665
770973751931043880
872224105003352136
872485252252184676
871903929645019138
871889022186827776
883260322792738836
872446368084545586
871970483183173693
886312712890626118
871812390713458719
872416658478735400
883416912556609556
872786279505481768
884871741015478323
872300779459993620
872414239778828331
884788873727705088
872496306613014589
883769400979783781
872534968759377960
872447976096800848
670693729320960022
872440970350854184
883282377961504798
884756185062965258
886218274453454868
349920059549941761
883712518592294942
883722448137228299
886242064554156092
884508211854594058
883497058739290132
883290339534843926
872217325565276190
872218056645050480
883261108381700127
717757164457951332
872493700415127594
884497857023971389
872401107131985951
880968514695995413
883719019629248532
886219037921665084
871842452946952224
883772182054965248
872489829735206922
872175373905985546
883198126792515634
883245782671704085
886321859132522587
871793270278193203
871935917361864704
888843631765651527
883249777486225438
880165717994000395
883202434481156197
872403269127905293
871905763491192872
882796742138015815
884732717974056960
872396814639304736
872226163974606899
871762037838069841
872427613715562547
883673852536840212
872190282131705877
889036713308082236
886230501738840084
883251489894699038
886341402055835669
872497703727300609
872290131640479844
872297568720269334
872294036743012352
872308447889207306
882989347144626176
883709956484919316
883723484826574849
872417861128323144
872398546689728512
874618932634468393
884545069854629928
884508235896332388
883433113127100446
872394778002727013
872407176633802772
595320441338331141
872251949263749180
884787731933323264
884774367890903071
883722460183285821
884796350963810334
889401124912783381
871885253487263825
883266907246043136
886220499657568256
871813188251971634
884868493521080393
872211857451135036
886572291406835766
883282838676455434
883672266095874058
626842575864856580
889396421235703869
888756277021392926
870025814580809788
886567822153629716
882793278272065606
889385890638602240
891876254494629930
871672409302917161
884530652085628929
872176733846130770
872309845091565597
872440192248737803
883265026885029918
839241953799438337
884871783528943626
872447976927268864
871918980640686110
854205629992665088
872287243820220486
872289782485639230
872316568439259187
823264224306003998
883233971683594270
852834469899665478
872216179987587163
872261468274434129
810959780616208424
901714724113235978
872288102704623656
884489630962044958
779618917516705802
872219427389706291
779619385492766750
883768690435297290
883709972280651806
220644154177355777
823003628830326804
884867340116840548
884787732189175838
902273372732411914
883685597435285555
884529038637547551
883257260216827914
872288922426830929
883195315799343145
872176744323481661
886255816242503733
889391708368961597
884823092248051753
883688055448420403
871813599637700639
872295315032666113
886342833953452092
872317920611536947
518759221098053634
884501808603611176
512227974893010954
883253430787907614
883715786680696952
871802520622747690
857189580343869480
886242744509562930
886235170225651723
883431959785795604
871664194251005974
883434842249920562
883668428207050782
883420534858219541
871887977171812382
872530878541201439
901495288353673286
872254047787298856
872440559237726299
879896978262216745
871672028929855498
872528469563699220
883252427443298374
870022165238513685
871661836787929128
886308779258441780
884767473885388800
872251939415552010
872214198917136404
902283294039748658
872487811410960395
872314515969163285
902309558318411806
872445593379819602
883703134764019762
872250055216754690
888540351357386842
884871676972634152
883252436825939978
884774377302933514
872445593820213288
779611662252113920
871672020616761367
871904619394125876
884526238033657886
901450570706067459
872252253644406804
884875041592995880
883423224468213821
883257708239810570
883263991286210600
872224109667438592
886236585316741140
872297073704325141
884501825385029684
872433968794964038
884788880027578378
871797837229346867
872528501390073906
883261118204739624
872535951795175495
883675144453767219
902275917148205118
716945964782583829
871919279115731005
872434523802062948
883704207515992094
883421649519665204
884491675605540875
872535962213838918
884757018592813076
883743982620934174
883686196881022996
725636240241852438
871971177617305600
872407194916773898
872289768384393246
883715270437384202
886228254149709875
789879799689510964
872224103354994728
883267819863699496
902298618948628540
902304203974799360
872318337059811359
871899356461146132
866496963644751902
883715829651357808
883668989966946355
884504396606623764
872435275421347900
884543766084608001
902305113492815904
883248528716079105
871671296264654898
889370477720641546
872176259671674960
872498383397474387
871917611716341830
871808030705061888
883681206120615958
883711957226643506
884551599647780924
765904956443721729
884538165988298804
883255864243421204
872318344173322260
889404790772211752
884494760767803454
872270680018780231
883714694425247794
872311885851148338
871665047632482315
849617669459935313
871663157872050186
872406589443809301
884499434250047529
883255844274331698
872479681474072616
872435534939717652
902269595061223474
872216927043461151
872191644991111209
773353744615211079
872403278120505354
772899913553936405
883707968909103155
880968506479378502
883743421133635634
804402407223984128
884902411276263524
883413786877390868
871970092412465225
872294048264781945
883679774101368852
884856192877334609
903148891782914138
882987744987598948
872296231764885566
886306786552975372
883413331992522782
883741011233341492
781955602842779657
872257318891446272
883680031329648640
760896101128732682
884761318735880213
884795111765061662
872174739488124968
799680638450008127
872438810494009385
872276449179103353
856824651119984651
883249815184617472
884859221609422899
780018002305089586
872496255333462016
872429009651236884
901243911278825472
872447706122039347
879001596707618877
872271555726569472
888790437924577281
872287593906188308
872437911059038248
884907754458845214
857223666362613782
872402860900495360
607984286691491843
883711474609049600
872218729029722133
883409723389542470
889241549840482304
872526085148008488
883415322005225523
870034363029545010
883267865027936296
884766271911104542
886252088525484053
884766211924168745
781963346546130974
239631525350604801
872524783793872967
871668464983605329
784320458744791050
872311407222345748
871881446254604338
871842784850636830
872276883604123698
872216564605276231
884774376115949598
883721393739534386
883423215190413394
872226775135055924
872526785861001218
871920113018863696
884907763505979392
872314166696869918
872430080310247494
872497648425386065
303181184718995457
883198797235257365
872443571419119696
623481583411658753
880976238154502165
708896137490202626
902281673729777674
883715265509064735
871901066969645096
725934251639570435
780012756111327242
884789886492737537
841817840432185384
883248934254944286
883423728573235212
883682196832026626
883672727515459654
872524785710669875
872188263123795968
883257255661813780
872434513920266252
872534435784974406
872433559909048431
871969802523136001
883260662409732118
883268820393918465
872535508146856006
884511466873569280
871903946401267732
872311898069164052
883707964853207080
871661045566021673
775653556237762580
871666857361416213
884388666628251648
872496278834135040
789880831590137896
883719714428301343
884889749029027872
873514456993394718
872442572675629096
872171688815636540
884885981013094470
872539560465276968
872195418329612309
779616532359544832
883268836969832468
872401552776757258
872253576238465145
882779112639455244
872526764218417165
883677355648897064
886217076304388207
882803407134556180
871853291691200562
884487295628083260
883742921776590898
884853122206421022
883695361833721937
884883138793312266
884525248521834516
871900608716763156
294882584201003009
883414740305592351
872495009352540181
883742381076254733
872440179783237632
884853105198501951
884853077830680636
884792598764597258
883441599265243137
797697665038155806
872408128367493170
883441604197748797
871970288970113134
872540890965606431
883411018838069308
883721748040806460
872276459111219321
888852278533058572
888848334469611581
794882188709330954
883846707538985001
883282845462855691
883435374377074708
871881441972211713
872539125985726496
882798527342854175
872437518094700554
872258617091440691
871664331283132438
872296672556888106
872307312101031946
884904255000051802
883742383936765982
902307935743516742
872228388365041705
871889745179983872
886303405885255710
871779378881757185
883258317676359780
883249363965587456
880968217630240768
883712518017646653
872437914947178496
773355681323286528
884907755297714237
884899467243970691
883721755103985674
883232550917640253
872433541730951211
883197329778294784
884889735632412733
884761998074707988
884788885538893904
883196070799245353
883712840219889724
872276460256243732
886570169227436092
884509363564322887
872174744164782162
901206676592529438
886233166275301376
872195424591691836
886227450785316914
729932915777077308
872308469934456832
884769771646779392
871672023938662430
883670564600958996
871810313417261107
871887989159108678
804400281176899594
888855670902894652
872496250883297360
507915396037214208
883249370579996712
884494060100911135
872260757616726076
883682355712241675
884859218551795722
883422229877108806
883249398245621761
883259771996745749
872261930021167214
871814001477177375
884792549125005332
886224201260871694
883245728485494784
884758607034482699
884850168812421120
882786144348143616
902612554386374686
902310606927974452
883156715720282202
884764902584119296
872428008496050187
882757301046489098
871900627700170773
590148542098833408
717462103136665692
883257276033540117
883409719555944529
872301194838696017
871843664765288530
886320911559585833
872492853547376660
871807479187660860
871659412194983997
883251065414377513
883670800127901716
883192705625235516
872216185775747073
872787685289373696
872395153397129246
901213364766785607
872174748598165564
883433154843652148
880975945811525654
774743395490594856
884791782020378654
883742380480659496
883415819403534427
783740682938482718
871899344406732800
871665833682800700
871668032206929990
772901681121329173
783787958142107679
902268717105315851
872232036872634368
902290622524817459
872446735992123412
871970478141603922
901235857523093534
872539072059564072
898182665214255116
432610292342587392
884495164075298896
883714539311468566
872221479809458196
883429122792095746
882760762672705566
871812376192770068
855130541035618325
871883308848513134
871917108311752766
872402000132845568
886309577887477760
872260401293836338
884786691657846824
766461530224066580
884539280523952239
884883195215085628
886253553314848798
886243496376303658
855511685107548210
901490479412150312
883687710311739472
884511831308242965
872289788579967017
872222382570475570
860802262967648326
883722887796752444
884865582757969940
872441525433413663
883742939627548683
884477561629999146
883681576267952188
777183858978324511
871802522250145852
871849441714397214
884755611445755904
884748441488601118
872531828857253889
866724046463959130
888709698734395404
778902754495823893
884897498030817300
800012946943246366
871918496945172491
872251477970784306
678344927997853742
834313586494799893
884513007017791539
883710881194733609
883268448250105857
884789882118111282
884899451733413938
883282826932412446
883252973227106344
871659882783313971
884760718560362527
883706897172152350
884766237714972722
884502314428268606
883421716456542289
701038771776520222
872224483639980032
883711480531386440
505623334432800778
884503089762144367
873497997718200321
885073501357228122
872460629074640926
871668029459681341
872433148523339828
883696474012127282
873476825295228938
871886500881637376
883705083886444564
871666274026000384
736060291124822058
855931336530329602
883439748365037570
872526776235081798
871892071491981313
884848397314560061
872213118456041472
870046336605626378
870033152863797278
773372177789353984
872269903787343883
871805585178378272
884850176903245824
884742582456954931
872405889880047646
871880220481826856
886230127564980244
430621483501355021
871848610650804366
872318329291931699
871811226726973491
901501703461957642
886322947478921316
873483643035721728
883718572088655963
722485557346959450
883412090193321994
889395824273023016
883742944044126238
884853090736549978
884891984085536828
884564721674620989
872395160124813352
872269544197079050
871849430423318538
883709485405859951
872310542897930340
880975916845649992
883725218844127295
872398980766650378
884736314157711390
783792424874016800
882799930853449768
883261097757511681
871810321856208906
871920692453584896
884779688147431424
883449210886848522
886571503410360400
883198775315812362
883711493848305674
872431633830117376
883416333822337055
883255378144559136
883759321958195280
901216345092423700
884507753773666314
884495165945950248
883678237392248833
782247360221806592
872230954352144434
800340520856977428
884748448765706241
883290324443729920
781953173426143262
884859242232815686
883434115980984330
884788883441745971
885253637272637531
883256808565780501
872793802287484949
871813615429234728
889403257900900352
872222358092525598
871808692734025728
871943350155091968
883741482824130582
883426756147691582
883265054747791400
872493873694392441
882797931806212167
884865588114100264
871917096731291678
888386201818628116
883290371558363246
872176748123533332
886338073842053211
883290351006285864
872538616973373470
468459655929266176
872495655338258442
884744210769641512
820603814256181248
872225024717762570
883712892766142504
872527874454847519
872312755112259594
883429111127769119
872446003133960232
872482998396780595
872534414163312731
886255467330961438
883195167140634696
883430100341776414
872255277037138030
883433173759967256
872287594317221888
871813621544525894
883256295594008596
872316075356856320
871879024916463656
872808412763791400
872401571059748884
886570622799462450
872496247297179648
852919665567334401
779605660294971413
872524789061926913
883434110624882751
871851927439290409
872222359258529892
872286099559546911
879729698425434162
883422232074915880
884512988537716829
883265854500913172
872297079228215307
872498357388591175
883421028301295636
873503220813672509
902283123407093821
889400509767749662
884492733065089056
872433975585550357
774730653966794784
883263569964179467
883233913286303835
872312747168260206
872306647945596989
883720165412466788
902269896807841872
884776138214354985
806231785704128543
871920706441588746
872227966845861918
883259326242897930
883413247301132299
883200622617325598
883282830531121194
886573122017435689
883667354108702721
883290326910009357
883439740190335006
872528479378370610
872441503677571072
883194334890053642
872312349997035520
884902419392266300
872226799373914182
871983293984276501
727761190100664391
872495696266293269
884505906346360833
872190297185071114
872292469495193700
883411613883981915
886250718015668284
872256870180597760
685753749670854656
871887374798442557
880968192741236777
872462353852149770
866829788371091486
827881146653999175
276060004262477825
883414744751550464
871885245073465424
871666835857244160
902304091571638283
883415770506358804
884857585054912543
871636633273892884
884755680408518708
872396829478756364
872407182778437703
884764858879459338
872259910648360980
902271037461377104
884856146026954783
872222717145911316
784851074472345633
882799277905174548
883767440583065710
883696983389376574
884859734870601758
883420996814651393
883741877831098439
775111729863458847
871849054403973160
872276457924223046
872315233782341643
883722898005717072
871899340531171389
871899372986695680
872536494517137428
873522073060929558
884760250035630120
889386536032960522
578702924721553408
883704703798620191
883725553847373834
884868562072772650
872460631893229639
872497122518372483
872228781446811649
872309832588329040
872292476554186822
884876953478381652
871660331380920331
871882805724971078
871899798708580452
883123675845509140
884527758921834516
872287245468598332
901498829575172166
883232582181998604
884778020383096842
883420454403063818
883719711374856212
872534966054031371
872434542730936330
880968509188870164
871903931880587264
902522203822784562
884776099840671765
872321955234189362
834401169232625695
872233402126983189
902271947990249582
871807469167460422
884764923605958716
789881233547067393
798606321238016092
883772970500251668
885248350885117982
872540873899008021
871886941367455814
774895418987249694
871879034118762556
880163272224018494
872287587241435186
872230234471149648
885248590593794089
902273803126722580
388331085060112397
884511449140064308
872426484629930084
872316079609876480
872537608473940048
871672007413080094
872224497548271626
566017374395039800
872190287131320321
883434880661348362
873481534563303456
872430094377943071
871889421396504576
871971589909012520
872319545719803954
883741888568524892
871812748886020177
889395014906576937
884494753574572072
872257831917715516
872427341253595156
872432334471827488
872258614218326099
871884212632952832
901496740522373161
883713799595626516
883282877633146890
872289329744052255
872251007248252941
872538598791069746
872262369252888606
883422735626276904
883265012242726932
884517061555019826
872315537781305395
886245760147025940
872412494025605130
883439760696279070
882986615272792065
883706884723445851
872174732575916062
883692945490989129
885249325016424539
886251580909826049
883697013772922890
871905741542395944
883713327165997068
872297580422369291
866757742936588329
901248427646648350
883696484351098891
871802529325936690
872190290792947712
783771926773760010
841056068264132650
883864944918036550
872527853839872050
871671699018502204
884506611392086019
872291046279774218
883441012901564517
883677043269701663
880975925423009852
871878235317735475
723245433631146145
886302248995528715
884570396303720498
884797201686097960
872269913832701962
871919297805565972
872272019759202324
884779264325615617
872318355040784424
884904270044987472
884761999878270976
424606447867789312
884777090052947969
883246715803664384
773358173221552139
886308086464249856
872438815015448596
901207985794207754
872255290534408243
893280144146444349
873525983402143786
883681810167500800
872293214239989800
888856882628927498
883413299578933289
883688412228513792
886566699023872030
883690582709530705
880977987753877546
888155585688768532
871661513952362557
774897644186501130
884762116106625035
872417874101280819
870015446487818330
872276896744894465
883257282304016454
711428990950441030
883243737805881366
871808690590736384
883255882270527518
867713143366746142
872462344863756298
872258177066991637
883263548803940352
621689690923335698
883254636436402227
872294448082595851
883264506233511946
872538597302104145
871880183840399432
872295321588346910
563402431136923690
772896192991461387
883258326765428756
779617982892212264
888893770190422017
872442582330912818
884742965384339478
889384435970093086
883198767761858581
872396832481886208
886565580759506977
871661043066236929
871810834643435531
880978280524685312
883722457444417577
872484815897755669
886329051936083988
872433562513723392
883282408663822337
870031032156553257
804404729937395732
883257264239153202
871850739075514409
873315610493333564
884496933807325285
884883216601866290
884777151495278632
873473503553282048
880976253635682304
880968241160261692
871660335877214259
883722444286861345
883267859629895691
888708430557237298
901502530389950536
835577767160053764
871659901934501909
884756192256204800
872309836770062368
884888303919304794
901476860851011704
884762079381319710
884729844473167933
872212328282742854
872525371956924477
843683320088231936
883720948782600203
872429017263923240
884867309196423241
883434888819265556
872394408648146974
871668867305467924
884486527315501097
884511810701647872
871972045443964939
883264049251495967
872530409278279690
871762017554419853
884737064594198559
871633998437290036
872436032572899378
872402876587200513
883441567191404585
872280823510999080
872530404752621678
883409712471740436
871889756563320842
872259924346945587
664508672713424926
872407574123798588
835785944627675168
872532830800977950
872406599292039208
872534999713321022
883412685180514305
884883191117275247
872399578215895041
884851373840146482
883437912094568478
872529006099046600
872436382377844796
872191633230286888
872234895773163632
883720206499868732
872537059259191326
883710537320525844
884387652986630185
884904298062966785
883742925467574322
872529991290732564
872541022482223145
872271480552054825
871973443367731201
871850765763895366
884730152972599327
871660335264854016
884569711906533417
872307632474587187
883696987071991868
886225126885052447
871672039054913586
872444844524593152
884907809504911380
886221291877707797
884497863755857972
872526799538647060
872530891048628274
872443107751374848
886236979908448348
871849893403197481
871973985875795989
872255270854746113
880977972931215360
873497270983729162
872254059606847498
871849067926388797
884755674431631360
872214197046501407
872394768871727104
552931609842548736
883707575454031954
872795897895989279
886242386466971689
886339135286173748
884792540065320981
871811217595981894
872447281176117278
872228378105765929
901491011484786708
872526060674244729
580521694028890162
872309842566598656
884759447505870859
884869814244507708
883725570553307156
779606403865116694
871793273801416734
773378842202079232
883718164330991646
872252658185011210
883245735573880864
883433562542592050
884749991275560960
884877912241741835
883428452680749086
883232560929439814
871888586411221032
883427270272897034
883853293128937514
883268816283521024
872498386836811776
884741728198869002
872308902782459974
883706886631878706
883684898525839401
884909527965794304
872261929111027712
886228699136024596
871814686524469268
871813757901361242
883412090373677117
872270698343698482
872309828444385410
871889418309468221
871912434548478032
883266866083143691
884787753307484240
888061396653326407
883413793475018865
872308924651552798
871658908119343114
872401116745310219
872228390994870292
872169781736931338
883189336001101844
883697805506515024
884097438082826282
872439315404304425
883253487054503936
872441493355364363
886224723514650635
872430070764044329
886238446539112518
883694284287651861
883267329012682813
818570692847992902
884789893111369768
871762019689299969
872495051098443777
883764232536068187
872215398991401010
883741899364659270
883254988816646204
871954497801429002
871886956529852416
873319510692753468
870014357776506950
883250624890806272
774901110615179276
872537057778606151
872306005709582358
610459754258759680
885250499312504842
886560773046927391
885254630139887637
883716279935057971
884876879893520425
884388328391196733
872529994058960937
884504357230485504
872494494707232769
883427805201850458
899823453383852092
883243716310097930
883742940260872282
872416318865960980
872319222791933964
872286086158753792
884872885771055204
883713806029692938
870043662325784628
872440970875138071
884785828826578975
883433120878190622
883431889162088550
872461048983212062
902308912362033192
872445978400129035
884758661480714310
773367952766140467
783777960367751178
872319984037134367
740925205274427423
872483004239470652
883709500882829322
883248932988268584
871671676033724456
872288532494946304
883262304551043082
883290846701690880
779602280236318730
866956216420007946
884525140774367262
884907764512616491
884479070056886323
872431982901088306
779604594368053249
871972025869156373
872461560419844118
872230234894774282
872314522403237938
872171702103187467
871905757619167252
872169758827622400
871881438331547649
883678900591407174
872314520444485663
872308917814849546
872438795134464020
871912781543264316
883413781080866838
882754944132853761
247134460024193027
883724695176896582
883696240993402960
871849430813409340
884755617120661554
884850233471815751
883248479533662210
872537070256652298
892207235596447824
872311004372041748
872283877195005982
872790545053937674
872489484208463872
883413778388111370
883673072048160840
632280585146204183
884897510802477176
884868537364131961
883264001562271744
872227962685108245
883268825469050891
872535976600305754
871671693666574376
872307637167992882
883290845321773077
697558054635569214
883669386353844225
884541924202139669
885250991899967559
886571915811123222
871801918568136804
872585301841834003
871842430310289490
883718573372092426
871843741151944745
883201169772670977
883264018066849804
884510119109492796
871669310437875732
873682542337859634
872530003886223411
872435248389046324
783775280601759754
902274431781576704
883764765116211250
880976250611576872
872527846004912189
883413778673336331
872495704566804560
872222368062390364
853024196066279464
872229188889903126
883192751724851240
883258926823530507
872428016695910400
871665842243403836
872249625787109459
871668863979388958
871889032685158471
779598760225144872
883692597233721414
872527239068147713
873496530915573791
664318845153968148
872222342745579570
884869832670081134
883719358600327248
872259508523659314
883868088460783638
707641033210593351
872540111684898877
872279908955611186
783773615689695273
883265851275493406
780011277694271491
884907767767367690
872236237963022398
872436380050018386
883260273849409596
872259499673653298
871932201997045872
884883181659111456
716390085896962058
871814662918901830
884795190961930272
872441503073599538
884517761248804865
783774600747810816
884888315181035532
872287288007213126
872495660224618587
872315549206597662
883713310338474034
883260663256997922
872535020437397564
884786700721721364
884507422788571156
885253413254869002
871779385500381204
883691655859957771
872294476561940491
872230236874498058
456633518882160642
872494481411301457
883269417792864286
802575222909042729
883680124598358047
773383093993209898
872535469387313152
883433112720273459
773386524095938560
884736972017512478
884743043201237012
884504357578620958
883439752072794123
886251163232649216
880978009190961192
872259506179043338
883424359715315862
884503219982716948
901234349305892866
871664625672925185
884531930115244102
872487459227840542
872306985901629520
872395165963288627
871878240103440424
870049312325906503
871882307303268412
773352212227162132
872222724628566036
872306023673757757
883716284062257192
884508713396875304
883671399758180423
883692474973974528
883259769278832651
872315232347889715
872438298772123709
872254054728888420
884749986678587393
886220145087877150
872213119177486422
883233471357669376
770705936745758751
842397311916310539
872292801184952331
884549215894773771
872172154005893181
883423727172341802
883742408616083488
870734528593924128
872408126895292456
886565926525366332
872495035638247464
872301205739692102
872276073721778186
872261150144884777
872174737802022962
883414339393056770
901246444239982603
872527210207125524
872526779091410944
871917099721822248
883256295392694283
871843227500687400
871900613095587911
722596301111427134
886529908849926174
884859757406601288
872293583221313556
884867307053137950
872321124476809227
872408136412176404
871945207908806677
871854213595025538
883245734361718795
872394414557917214
872262389024837683
883198124343037962
902269349069479966
872229795860209785
872217685516255274
886337733725921321
883714275875647538
872309840901451777
872493039766110348
884773227426091028
884555607091343411
779519870004887575
872534969732436058
872313090803396658
871843670121394240
872253586728439928
886562617370501170
880727324583165952
880977955684245555
872219904860913714
889242820752314389
871848195150475294
883252938263396392
872230245997096982
871807490185130065
872249622771417088
872447260976365618
872217699332288542
891866866950213662
871849064348680263
884747202315042866
884776100549496912
889037438104772659
882782682260598824
883190097174990858
886564448502972427
884817334764716042
871853299521974342
414471912538898442
884884733618708510
871851405676257371
884548617208209428
886253228327596082
883686967206887494
779613127959380038
883674193764438016
883704216722485259
883264499325480960
871984222674501633
872319978936885368
902285713582727199
884508103226322985
872532822131347476
884854748677832844
871783604055863306
872527185968242749
872435243708219403
883262287899672602
873524402459906079
871930344675377172
872216570565390447
772642704257187840
901247006889091103
872410745856483349
883233539653529601
880975993181966376
884566421013688390
880968214362878014
884525895627468811
453439929276432394
872531323699482726
883773899635032154
886561825481699368
884899436348702721
872461961269497906
884776118887010334
883720151688695880
883713339656646666
872489495038136411
884778042189291550
886322276688084993
883256839163215904
883155776187809863
884820700731428904
872439739951747173
872402439180017707
872479680052203520
872532777059352586
872269904068370442
883744004246757376
884774388468178966
871879602950250587
889401951664623627
884504361605136453
871659882284216342
883433614199644242
871851934305357824
871669321905094686
872448661278302228
884531472189497374
872249629524262913
872525399442206750
779534932212711444
872536485314826311
748325473934639125
883266883506286612
883417000506957895
883696499924561981
872295752620179466
871799212822630470
872407589898559490
872308040479682610
884832146764755005
884779253483319306
902271807808233572
872436390535766066
871762021937459240
873501275315138570
883725562164699176
871798587984601109
872537632905764896
871669714051551263
883243778301919232
872536512082870293
884896017835778048
883674544949301249
872461981238562856
774896488278523915
883416908270039080
872321941552394270
872222700892979282
872530412256247848
902283997722316910
883293759876513813
872301620233383946
884478140221644871
444203099331231746
871972889635749928
872273571689431151
872212343625494588
783793135918120980
872443594106077186
872395153791393812
872313099082948658
870035604581257216
884759838259830814
889389118587543572
884549310992248864
872293577152151602
872292038282989590
883679527069421630
888542224277721119
883414274435854406
903101034078019615
781953960533033001
884867298777780367
832991563901698109
872170981286879372
886320520759504987
872188283118059541
834415077804212244
883246245043380234
884739575774326824
880968514175905812
872445985123598386
880968220163592202
871919291426033754
872307000241971251
896577632903245885
871664215688101970
872297574395174922
883726500929634335
872297568552484885
883676768693809182
872286075979202641
883249347838504981
884733412294922281
266624760782258186
883712944620306462
883695184540475443
883265020081876992
883716299220467742
883261102446747668
872495681019973653
883256831810609192
872400242937589831
744957669164712050
871972024430526545
883684435290112060
872305999392940105
883200541088415744
872482576965705748
872535520427786270
883250622810443797
873505626511273995
883258925112246334
863840819441565696
884736497008410655
884503775837032489
883265052562579526
872441506743603200
883682598935756800
884758655105384510
872276442388520981
889399559858561046
872296217231646800
872311404701564989
884848444177539103
884744090695122954
872436707386077235
873325823350931466
871881437056495717
872412478489894982
884769778311512085
872437532070150174
883742978051559464
884769768136147016
772886833972641852
780953142014509087
871665439913152522
884742153593569290
883672219463602196
872278248619388960
901496041034096702
872215400736256042
883252438553989121
883257740951191554
783778611038912572
883422139259158608
883440985714073620
873482233778954251
761130661763219456
871798609593655306
883269452743983154
885461887301607444
883415325801070665
883713804385538089
872293211060711435
902274023856169050
663823539672973353
797952405957378078
872434532383617035
883213559536947220
902277173484879874
884506737833541692
884734852711186452
871849897173852180
884744866842685461
872296655112794194
883720952955961364
871665018863747113
872310233983234128
883267835227414540
871889423292321832
902281890915053578
883411022113820722
883676370163605504
883689796160077835
886306356364197919
873524932716425246
736888501026422855
883693942191849472
659251873164820500
644619622120685578
871885248059826226
774733297594531840
883267824154476574
872462336332533830
884497822618116226
883269418883354624
883861781401980928
872801935558836226
883414269004230727
884796395503099924
884795361519075338
282859044593598464
872262383962308648
809471381791572028
886560359622770698
884504351727570955
888854368173031474
883260667728130048
780010649891766312
872527834311180318
872530016410411038
886236241656422500
884556370723110963
883678912700379197
884786691183882260
719490046444699768
872300798166564916
872219429017124924
871811742257254520
871851920740978688
779606970016464906
871779375400505404
872403721898835978
872216940687544361
872498403316207616
871889403499405322
882761940517146644
872489478026035200
885148361886433301
883263562796105729
883413870704734248
872396806502371408
630077677658701825
870004138736504952
871920101841051760
871970090067849276
884501966338805820
872405872737923072
884851375027138601
872217709226627092
884482511974047784
883201772011786281
871885723240898620
883766631384383488
884510133621784587
883723363254685766
707430987176476723
889387850188070912
872315521608089631
886334338386513921
871946137081348127
872536461461819472
871950781325148230
884764885811077133
872530863408156672
884504695991840798
781956744585936918
872535965778985020
873480056666718268
883716805061935144
871917113282011167
783791809972797451
883263605838061589
885254357233324042
870001172637962270
883200658709307432
871851402429857792
886559992734421033
888828824761016330
884854751127285781
883434110046048326
883683395010428980
866847393970389002
884501820037283930
884853105693454356
871842441446178877
873321128934920282
658566989077544970
880968501358116914
884795362630582333
883290342315683881
872495045155106886
883765480727408660
871661493932916757
884506738521432075
901474040739409980
884875112422207551
880968189675188254
901491845002039316
870011103772557312
774898153287450634
872259098471710750
872311871980597289
872293227040997386
872491959590215711
883421671875309618
884888357560258640
883246241247543326
884902406415077417
902271694591365150
730011243041128478
872218063905382490
871848215517990963
872539618136948836
883712893575655455
886235873534939166
497038978067726336
872194147300302938
873322830618587147
883243728368701440
883711940478783558
872531352996679691
883742932270723084
772902715214921788
886237308599291985
883415778127401000
883268369795674143
883255039836172328
871970827095130162
872400674393030697
872261502957158401
872297066766942219
883196077027786782
772904076987334678
872220635856769044
871666284671168562
871659887317385216
883679275876769853
869120577623949383
872448004236406795
872256500440117310
144100930009169920
872250049906749460
872461057866735626
872261949566636042
883265868669259787
871972886372573184
872257298561634345
883248087047487538
872396810507923456
884854713294651463
871931273264914442
872796308925214720
834410619218165780
886218648576987188
872230958919725157
872539080204881990
872294864434376757
884762653589917706
723174588992716881
883255365372903455
871904633466003518
872403283082367018
883716816428498954
872409998523760700
884501855231676517
872532795396882582
872321939698515998
886328505665740850
872525371856289813
884760675858145330
872260747298742322
883194336341291009
872396820247097384
872433132761120778
871993511241744385
871811741124812890
872489850341843045
872290139458658384
883684520132505640
872405873778122813
872233907699990558
761979887359492138
773009664287703051
883267302445949028
884495610231791656
883718578770173972
871972034253553664
872532785271828591
884778025357553695
872410727388966912
872321944593256488
872433145704767558
668946506836869150
860225230886273095
884791763007590470
883259800186658867
756863443021332551
872498434249195551
872228396078338048
902301378372829194
871912797477437510
884773150666162227
883420981958430741
882764707407216701
883724670686363679
883290875701121075
883682782327488522
872310230485176330
781072525077512233
872532289714815036
884508670916964352
884864803699589210
627531554255798282
871883296118833232
902291369920458794
872175384521756703
773375727176384523
872528984372559934
871970103347019886
872231633753878528
871900626903240704
880978300267290624
871905756033744918
872317941167824897
884511491565445130
883256822490861578
871793878032867391
871664212676599840
883763415032668201
884749987110604852
871947994650533949
414878659267133445
779127072093634560
872279890471288862
458302301187342336
872253062494969928
884902439571058810
872286091779145748
872278228448997396
812404091136376842
872448648347279401
872278243225534486
872216581122441276
872317574770204733
872539555771863091
872487449631264828
884890398588301353
871913445484822628
871917597468274718
884544459122020392
871663164318679070
872291490305556520
884508232641572896
872188288524509224
779592683831689237
888851811899936788
872223107014860860
884547739831123968
878907866776498176
884762131961090048
872259523694428222
883243768940204044
872442570175840297
871842441060286504
872270379824083046
872231639072260106
872313106452332604
871883793802334250
883282835010650112
880968525630570537
872276458708537344
889387177069412392
872232436635951124
871659892757377075
872176752015859792
885253074858442822
881616709256105984
872436718706511904
872229198008299591
886239591428935700
866847702151200808
871663154462068747
872254052493328384
872531843029815366
884829230804893786
883426692322983986
872460320050917467
872536007252258876
872315534056783972
902302921755066378
902299172894548049
872403290376269825
884508713002614874
871660325156552715
873473820139356240
884886061283684354
884499752270561331
872259504778145792
884501931869999154
883416351484575744
884517473645387806
883667054530543618
872227530051047545
883409716074651658
872261474188427284
871972903577583627
884891998883033120
884788889531854888
883180082045259847
792827809797898240
872433564950614056
872529981962588191
831891305457909770
871659408256561173
884511449895026708
883726035433181235
883410378313326604
872525384141385728
872498347552935996
886241348066361346
884868504631799858
448110812801007618
872175401273815050
872539077159833610
872484816728252416
883743992087457803
768926810565771286
872219428215992331
872176243158679613
883268819248906270
883249353110720582
871668481660170260
884486995236241468
883416405276504145
872538648145436703
884510123790331925
247869756609265664
883122730701041765
872529997162762311
882811794568146964
902284612825415680
884778076280590358
902309826187644990
885248099449196584
619668424884224000
774902864278585374
889414649362120734
884507104847724544
872445985635336192
779599304120860682
884857506604679168
871879584977670214
872229767632535562
883246296587190312
872445607711748126
775435638828826635
872461575703916594
872234904824459335
884501861527322675
871904626457346058
730594098695635014
872293595007299645
872218721941340271
883716551927267338
884785817007038495
884769739077984276
900391920260493413
883412660736102481
883266860777365514
883251901221707847
873310261514235994
873343212197118043
780009822841470989
883264496007774229
873311480731287642
872535062523027456
889411703027163158
776263091620544512
399863030608822273
883742392165994516
883693425218703422
872271499128623234
774894044459171880
872221113487347722
871849921135902782
883415793130434570
872430068952072243
872400251393302530
779609496552472586
690685818083344476
884797214172545074
618814175594020866
884748444172955669
872493863506411563
884749991044857878
872258164723163246
883258930434809857
872253063329628181
871900629407248394
886313358846984282
886319190359818300
871808697758789632
884748443992604712
884504394970853437
872316067886792725
525935335918665760
804401204192608276
883706866645999626
871849048737456209
872295303011770408
869433477962010684
872431987070205984
886256112117108746
883680655194619914
883707576481615903
884899416912322640
871781435546161213
884767823031844925
886333204783571056
871905744692314183
891866135505543208
883437892016431164
884175918556413973
871854217592193044
886234751927717938
804398245789958184
883843530626314300
883413781135372369
733122859932712980
880978267874672641
885252791206027314
883251898411515935
883414737969369117
883675792968671242
884769782287716382
872415934193758208
883260277683003434
902267899153100841
815534020410343454
902077766588071936
880978268298313768
883716282971750441
886561114551369748
884899429344227368
871798599825125447
871669716375187466
883416901055836270
884789892855517205
783784374117466152
883697416837161021
872401991916208138
883243745968025600
872258185338163230
893188325454786590
750967237191532575
884568949352706098
872256857937436692
883412699734761482
886323320323182673
884760252879364136
883708426008551455
883702726096203809
883429067431489577
872234876533874868
883723370972184576
883255889698643998
883696491175231548
883977298058039327
871973448929382410
871920125425643581
883449221653622864
871850791948910623
883868728524165122
834066187377442828
877168814847041596
872402858207744041
884896018779476009
872526060279955536
872272500040556636
883743425038536804
872412488442970144
783798778528399420
883251903914450945
883714692571344976
783780010850254898
883410379387047947
872435267347288135
872320265013592074
871664210906603560
883201826005057596
831974682709721099
416717866411360258
883674238551195678
872402854177030184
883254649048694804
872256012265091092
884884779152080938
781962638019264532
821514053695701052
884794027776548915
872497101160984708
883409727407677490
886567436399304724
779614186032332810
873463901692502036
871810316881784882
883431898842529863
873345468367773698
872294429485051964
739725994344316968
884767460929187851
872295316534198273
886250071845400647
886245327353561099
883726033218588722
883426719254601759
871881958244888616
883670357167468544
884749529335889931
884102206008209418
884777115030028319
883202393657991168
883251490846822440
872412500820389938
872307634504601600
783774109272244275
886310678816759858
871883796138573864
901475710890278922
872234877653758014
883261172357427231
882998402961510480
886320901640040459
872292801709219840
871848210824564736
872258184688066580
799419391875743774
901334916590084147
884865543138603058
773377930087628841
871881094289567755
873483025785180200
884875078653845546
871883784180617217
408785106942164992
871901068362133546
884768765340954634
774902289755668520
781963879025475624
872229182409682944
872287235897171968
872232031852036147
872270699438411847
883195156835233832
888853280032161832
673362753489993749
871886952759169044
884481999128121435
884897537868333117
872423307062943784
884876952987643945
872286626280263742
871883308219383879
871919761737515069
872320638814154784
872219086032097310
902310222905884702
872534994009063484
587220380071231498
771687952693592076
872531338685726720
872217322209808404
872440996753969172
883718132395569243
883703756145958934
871666841670545438
884774368427786261
872534990045462538
884756154838831135
872312369328570410
801179844183982171
883262296716091423
884546633721839640
772902241396457482
872224495736348753
871969792410656769